%YAML:1.0
---
new_matrix: !!opencv-matrix
   rows: 3
   cols: 3
   dt: d
   data: [ 5.1199172973632812e+02, 0., 3.3341075207154063e+02, 0.,
       5.3107818603515625e+02, 3.0261804697998741e+02, 0., 0., 1. ]
distortion_coef: !!opencv-matrix
   rows: 1
   cols: 5
   dt: d
   data: [ 2.7721056114815783e-02, 2.1342252912587406e-01,
       1.4765885899887459e-02, 3.1050869805382289e-04,
       -6.8587812541806503e-01 ]
