%YAML:1.0
---
new_matrix: !!opencv-matrix
   rows: 3
   cols: 3
   dt: d
   data: [ 1.9718742675781250e+03, 0., 9.5908246077066724e+02, 0.,
       2.0780502929687500e+03, 5.2502254982487648e+02, 0., 0., 1. ]
distortion_coef: !!opencv-matrix
   rows: 1
   cols: 5
   dt: d
   data: [ -5.2493449439402173e-01, -2.7536277564588230e+00,
       -1.7486551797186285e-02, 1.0865861024318929e-03,
       1.0189798554284724e+01 ]

